.Random.seed <-
c(403L, 10L, -82816634L, -1536038815L, -1643886093L, 1788950626L, 
-1585893676L, -1530808361L, -956815923L, -863239836L, -1208695478L, 
921093301L, 1520780303L, 1730174230L, 1871800256L, -857140349L, 
1102061985L, -1119498864L, 1207778926L, -1773377511L, 1538372779L, 
-836335462L, 640964700L, 1921652063L, 1174986549L, -461032756L, 
473657378L, -243066243L, -355618953L, 676733086L, 753590104L, 
641501883L, -1776561063L, 907382760L, -119547370L, -150856303L, 
-771996093L, -1890970286L, 944503268L, -1863337945L, 584959101L, 
707357044L, -1555978918L, 62960549L, 1476666303L, 227790918L, 
79273680L, 1709746419L, 2093530641L, -1797437376L, -1581253602L, 
1129880297L, -1257144293L, 906332202L, -1750492340L, 2058598671L, 
2090822725L, -516231684L, 1140579410L, -301695539L, 2018090887L, 
-1464984978L, -631154104L, 297905227L, -1855271511L, 1726275832L, 
-1231076314L, 197035329L, -1779846445L, 448723586L, 512106676L, 
55824439L, -775142611L, -717293500L, -1310915222L, -544886315L, 
650176367L, 720150134L, 416616864L, -724543901L, 1462202113L, 
-2089247120L, -61883890L, -1617825159L, 865099275L, -1406259398L, 
-1423223236L, 1392229759L, -387854635L, 1812045548L, -1475694526L, 
-1207461987L, 648422935L, -2105189506L, -682723016L, 177362459L, 
-1313261703L, 588214728L, 910896630L, 423465009L, 2114198115L, 
-1480866254L, 1833194372L, 1685664199L, 256153757L, 236130324L, 
-390437190L, 236549893L, -843442977L, -641641114L, 1180705008L, 
1525457939L, -1016911439L, 1981162592L, 1233777150L, -832875127L, 
-2052189509L, 1083244170L, 453327212L, 734035695L, -479540955L, 
-2129844260L, 292341170L, 1515574445L, -493030297L, -666924146L, 
27118696L, -409425813L, 308687369L, 765754520L, -1841844282L, 
175260449L, -1881337933L, -379541726L, -87000812L, -677619305L, 
-1136178803L, 410816676L, 964545162L, 2019819765L, -2058754225L, 
-1495244714L, 133909248L, 530185795L, 621266401L, -1301180080L, 
-103659602L, -1545372327L, 92801899L, 2145356506L, -781964388L, 
-761399393L, 359742965L, -287321972L, 1631097186L, 1244892477L, 
-1627783753L, -1279473058L, 835459992L, 1401467643L, -2127693159L, 
1762853672L, -1789496874L, -1334141359L, 583081219L, -108703598L, 
-2053626332L, 1407662311L, -1401238211L, -1741854284L, 650540570L, 
1722316133L, -304579585L, -417179002L, -311080432L, -1172221773L, 
1380354897L, 1932994304L, -911464994L, 1597263401L, 1701471707L, 
-749507862L, -1878038388L, -150480945L, 467259269L, -1463886788L, 
-255046382L, 602982925L, -1129832121L, 1944773422L, 1729429128L, 
-1789560949L, -2000136343L, -768227016L, -1081207834L, 670606209L, 
891050771L, -1192909630L, -1951023244L, -1206377609L, 756782189L, 
-50083068L, 1401057834L, 1906433941L, 2026980399L, 446676278L, 
750568800L, 18056099L, -1275788095L, -1203829584L, 965567438L, 
185575225L, 229930827L, -36657926L, -962585092L, 1749216831L, 
-1434848491L, -866922452L, 653693186L, 159242717L, 436644055L, 
-2101881922L, -1519094280L, -825503269L, 1155366969L, 53762440L, 
-562318026L, -993579151L, 2135391651L, -93602164L, 387102140L, 
-25419150L, -87217168L, -1537861052L, 2093047896L, -290294726L, 
1310760048L, -782023620L, -172630764L, 908452546L, -329115936L, 
6610044L, 1273643728L, 1244946850L, 342299688L, 1699026700L, 
531744188L, 1072949042L, 769298112L, 2146707508L, -21631288L, 
292202682L, 217481872L, 1127409388L, 1185911380L, -1475277166L, 
-778709728L, 1984224716L, -1992708384L, -1678443326L, -1724687320L, 
-1718443092L, 1039681212L, -1433892878L, 1514451504L, 1066982308L, 
384345528L, 977749850L, -55912304L, -505796740L, -461298412L, 
1710342466L, -1443758848L, 1900274108L, -1919115952L, 1144129826L, 
1586541128L, -543253492L, -1996688804L, -1497319982L, -1694401024L, 
-2083696300L, -559282968L, 1830066426L, 621671120L, 337190700L, 
1594703092L, 754218386L, 1521101152L, -2048268276L, -352245536L, 
-1759861150L, -156831576L, -303687604L, -1795401860L, -1500472014L, 
-1930654096L, 894748484L, -1346270248L, -402911366L, 1758643248L, 
-2096504900L, 1491802708L, 1145491522L, -560965984L, 1353910972L, 
1234749392L, 1566484834L, 1116326632L, -390769460L, 1061833212L, 
1669231090L, 1644400768L, -1829655052L, -1524643192L, -939473094L, 
-1096009392L, -1530005396L, 1130497428L, 1504078930L, 1523061216L, 
-632405812L, -1249301856L, -1172737662L, -1008118552L, 1642117868L, 
-1038388932L, 1427483762L, 1741545072L, 752801316L, -1705533384L, 
1695757594L, -1634242352L, -187306692L, -1375776876L, -1685604478L, 
1422749632L, 1262792252L, -1279876720L, -642890718L, -38100728L, 
813245580L, 1634751260L, -460631918L, -389856896L, 780811284L, 
-1634814168L, -490242502L, 964862416L, 2089804140L, -268652620L, 
-1573702126L, 2099549152L, 94197196L, 729564384L, 959219746L, 
-992309464L, -1045985780L, -182432964L, -988324878L, 249942768L, 
-1253735868L, 448374360L, -132387014L, -1741952016L, 1139433148L, 
-747447020L, -1637760830L, 257819744L, 1742377340L, -887025712L, 
264661282L, 349773480L, -327330932L, 1873876156L, 361391922L, 
-81956288L, -1182217036L, 2131715144L, 55361978L, 1175809552L, 
542820588L, -522137260L, -1071534318L, 1755706784L, 1790560972L, 
-2133989792L, -1743372350L, -215606488L, -1215994452L, 1190771004L, 
1676547954L, 1076492592L, -676761820L, -1849426632L, -1779303718L, 
1595713424L, 952009468L, -7270508L, -729171902L, 789429504L, 
-29576132L, 293414224L, 1935935650L, -1485465784L, -280129780L, 
-2063037732L, 1249626962L, 1339384448L, -76560300L, 1802281960L, 
2097420026L, 1283977552L, -1816351956L, -105906316L, -668083310L, 
-1388708256L, 123674508L, 1416209248L, -403226654L, 2107490216L, 
-793885492L, -963838468L, 2010612658L, 1311814128L, -1334980156L, 
965673304L, 1211430266L, 1811845552L, 2092818364L, -674369452L, 
1175925698L, -748348384L, 36977852L, -366513584L, -112265246L, 
2009779816L, 2075785804L, -1687449348L, 409698290L, 2065462528L, 
-1930023052L, -346750968L, -878658118L, 1743422928L, 1624005612L, 
-735707244L, 952243154L, 196175712L, -1340424884L, 1163443488L, 
1778131842L, -1496878360L, -1504164628L, 606413372L, 896254834L, 
154493966L, 1676007900L, 7748173L, -229111369L, 690988864L, 1456922142L, 
1346906347L, 1907546221L, 1373171930L, -629206888L, -1336940799L, 
-1237586765L, -1082472492L, 1505338082L, -1669086345L, 898723521L, 
-1916082618L, 1451776388L, -1967937739L, 1990645023L, -1981645704L, 
-1889932970L, -161413149L, 1012273573L, -1317092286L, 895818288L, 
2073686617L, -381967413L, -639220676L, -1699722646L, 141379743L, 
-1896947415L, 1555068350L, 1711408300L, 1834058237L, 1363986759L, 
-1726578128L, 885359438L, -1286125701L, -1452543779L, 1540667658L, 
-1367712728L, -1254272879L, -1053203325L, -642071164L, -629677134L, 
-959271673L, 1752479569L, 1264940758L, -1450561612L, 1284800453L, 
-720208113L, 663846280L, -635791194L, -508098477L, 1311273397L, 
-183830766L, 1967529184L, -1155436215L, 119262075L, 787035724L, 
-939587622L, 1362744783L, -2066996327L, 1805333422L, -1850689348L, 
1762693421L, -180755753L, -11597024L, -278238082L, 1390760523L, 
1234034765L, 679935610L, 1928193720L, -1575820191L, -364673517L, 
-1773040588L, 1614787138L, -705325481L, 1018850721L, 1738100326L, 
1026801252L, -1633469035L, 1005235903L, 500569688L, -676642186L, 
529329795L, -1946963259L, 1592467426L, 515803728L, -333525127L, 
1463809195L, 674536476L, -207226038L, 1768373055L, -1517726327L, 
-457437794L, -113245108L, -1363237347L, 797584295L, -1960530224L, 
-1634230162L, -234805477L, -1762703235L, 906917482L, -1054468344L, 
1319692209L, 2005594147L, -787443420L, -2021300782L, 839611943L, 
-1697922959L, -1874417994L, 1893644884L, 162698981L, -309832977L, 
-687292888L, -659719546L, 1912882355L, 30935573L, -1029776270L, 
-2036959040L, 1439231273L, 1550324635L, -774781844L, 1572702330L, 
-586509905L, -1030502215L, 1347328718L, -877553636L, 1233214349L, 
1095353847L, 1296955648L, 422369118L, 125669419L, -1355575507L, 
-630844518L, -1171500712L, 2102084801L, 833487731L, -1552514924L, 
-1323473630L, -938527689L, 2096114945L, 1093865478L, 87074372L, 
